PORTB = 

	2=PB6	3=PB7
	1=PB4	4